image: map_warehouse_v1.jpg
resolution: 0.035
origin: [-25.000000, -15.000000, 0.000000]
negate: 0
occupied_thresh: 0.65
free_thresh: 0.196
